fun main() {
    door(15.635756564209714,46.55479152593426,15.63576897947462,46.55481782125079);
    chillOutSpot(15.63577017460372,46.554817215186006,15.635845938339799,46.554975578250634,15.636161040547421,46.55490449673985,15.636106001656884,46.55479538762461);
    chillOutSpot(15.636686466288182,46.554695389221564,15.636723678499095,46.554774145286956,15.63655400057425,46.55481554000036,15.636515695315836,46.55473544511915);
    wardrobe(15.636342706638345,46.55486345569699,15.636302706638105,46.55478253028292,15.636518249735559,46.554735461545334,15.636556760211846,46.55481696520525);
    wardrobe(15.636344427250663,46.55486289777426, 15.63630300285655,46.554782596365015,15.636119954293747,46.554824237118055,15.63616215396047,46.554903777301746);
    reception(15.635769637618381,46.55481786911949,15.635831593839185,46.55481511480863,15.63590066022914,46.55496274890962,15.635847212716214,46.55497456971659);
    toilet(15.635845405943229,46.554973644991975,15.635813225435584,46.55497975429299,15.635795622516866,46.55494246921802,15.635826557987855,46.55493640597081);
    toilet(15.63582739459224,46.55493655768376, 15.635796841300419,46.55494272262334, 15.63578435151345,46.554916711666124, 15.635814672710069,46.55491071918644);
    moonboard(15.635749643916768,46.55477452865455,15.635830825960142,46.554755402260895);
    climbingWall(15.6359535461971,46.55473323142559,15.63590243103053,46.554627603464155);
    sprayWall(15.635750640712246,46.55477361174147,15.635683877785311,46.55463115649397);

    addingWalls();
}
fun addingWalls() {
    wall(15.636685361614525, 46.554694617887264,15.636551790553995,46.55442725259394);
    wall(15.636552401497255,46.55442802008244,15.636379798048381,46.55446906815885);
    wall(15.636554054249075,46.554815834315264,15.635844194533462,46.55497475759063);
    wall(15.635769321451306, 46.5548173398621, 15.635845262268646, 46.55497455498545);
    wall(15.635756163290381, 46.55479141877029, 15.635681791369763, 46.55463260799081);
    wall(15.635680592830198,46.55463156883917,15.635849938250573,46.55459179823788);
}